728 40.719317 
1 28.991012621712  5.100865528932  1.000000000000  1.000000000000
1 15.438025723977  38.680977696047  1.000000000000  1.000000000000
1 30.334416195262  8.278485196283  1.000000000000  1.000000000000
1 24.260656186649  2.875964318739  1.000000000000  1.000000000000
1 20.692759394344  4.245646759875  1.000000000000  1.000000000000
1 11.153138107919  20.071610181913  1.000000000000  1.000000000000
1 38.873422291899  16.693295719763  1.000000000000  1.000000000000
1 36.254594522088  30.083734089861  1.000000000000  1.000000000000
1 18.410934054404  28.373141021474  1.000000000000  1.000000000000
1 36.996687642530  18.599344592321  1.000000000000  1.000000000000
1 23.382555640979  19.998163729799  1.000000000000  1.000000000000
1 18.101564664902  24.793607133175  1.000000000000  1.000000000000
1 36.294577339829  24.616432719053  1.000000000000  1.000000000000
1 11.514639132945  14.915826363576  1.000000000000  1.000000000000
1 13.697334556869  20.026866608663  1.000000000000  1.000000000000
1 6.186190452636  24.367196133031  1.000000000000  1.000000000000
1 18.335929200295  16.712061266619  1.000000000000  1.000000000000
1 23.443992818588  27.930643241063  1.000000000000  1.000000000000
1 12.660179722616  28.682292527550  1.000000000000  1.000000000000
1 23.661716389750  17.366156828138  1.000000000000  1.000000000000
1 31.058391315273  18.396676512263  1.000000000000  1.000000000000
1 16.975771901513  8.633887216257  1.000000000000  1.000000000000
1 38.063065926047  25.580616949495  1.000000000000  1.000000000000
1 12.088272162873  25.476644118331  1.000000000000  1.000000000000
1 2.887401254296  22.360988131292  1.000000000000  1.000000000000
1 12.937742099001  16.339904937023  1.000000000000  1.000000000000
1 9.544624052312  14.567005036033  1.000000000000  1.000000000000
1 15.339883168063  21.179173038096  1.000000000000  1.000000000000
1 8.853485925288  11.898176889565  1.000000000000  1.000000000000
1 20.868849463208  24.031515583447  1.000000000000  1.000000000000
1 7.853669737027  7.565862890972  1.000000000000  1.000000000000
1 16.378358675745  1.671751840202  1.000000000000  1.000000000000
1 7.807455640216  28.891998509832  1.000000000000  1.000000000000
1 13.152329642851  35.703881629615  1.000000000000  1.000000000000
1 7.229954228065  17.803485704628  1.000000000000  1.000000000000
1 27.887405201315  37.523717553025  1.000000000000  1.000000000000
1 27.899486509881  18.137655376673  1.000000000000  1.000000000000
1 23.746150504969  13.599506572566  1.000000000000  1.000000000000
1 12.586861534284  8.116912861568  1.000000000000  1.000000000000
1 5.383031338520  19.982113131013  1.000000000000  1.000000000000
1 15.565139480331  4.262545104910  1.000000000000  1.000000000000
1 14.680672437917  24.277242615666  1.000000000000  1.000000000000
1 31.700916949635  28.234451456130  1.000000000000  1.000000000000
1 2.736259671814  26.919228635192  1.000000000000  1.000000000000
1 21.129872339257  16.816696612281  1.000000000000  1.000000000000
1 31.725015503602  30.244117722557  1.000000000000  1.000000000000
1 3.290382421322  13.853235794345  1.000000000000  1.000000000000
1 23.724179662264  30.913727940409  1.000000000000  1.000000000000
1 11.990150699338  10.705810391974  1.000000000000  1.000000000000
1 29.880467592156  22.556248646000  1.000000000000  1.000000000000
1 9.992744031277  24.717733017563  1.000000000000  1.000000000000
1 7.382000768596  19.848596226568  1.000000000000  1.000000000000
1 22.486400608746  12.022745452486  1.000000000000  1.000000000000
1 15.551315232653  6.263384648311  1.000000000000  1.000000000000
1 22.078345812546  38.739687488514  1.000000000000  1.000000000000
1 21.743238018990  1.812918497843  1.000000000000  1.000000000000
1 5.025673661044  15.985950645160  1.000000000000  1.000000000000
1 39.588170087733  18.636253705059  1.000000000000  1.000000000000
1 26.546811003816  24.269390769722  1.000000000000  1.000000000000
1 6.774899104912  27.077264370192  1.000000000000  1.000000000000
1 33.522117241787  6.407870822172  1.000000000000  1.000000000000
1 31.749750969929  11.722376761343  1.000000000000  1.000000000000
1 29.384589171605  11.082372976699  1.000000000000  1.000000000000
1 11.891393196839  18.048801874248  1.000000000000  1.000000000000
1 22.872367304783  9.938553389878  1.000000000000  1.000000000000
1 14.082409055998  30.098962735289  1.000000000000  1.000000000000
1 14.642975074595  10.145168808262  1.000000000000  1.000000000000
1 1.506699559444  17.460162391653  1.000000000000  1.000000000000
1 32.635839074547  24.737317671659  1.000000000000  1.000000000000
1 24.568973639773  24.648127046189  1.000000000000  1.000000000000
1 29.476758661185  16.882444252153  1.000000000000  1.000000000000
1 9.804373856462  28.715989960101  1.000000000000  1.000000000000
1 26.029987334048  28.911689419002  1.000000000000  1.000000000000
1 9.994460097156  7.530840230066  1.000000000000  1.000000000000
1 32.366741971551  32.780414727901  1.000000000000  1.000000000000
1 17.319132705379  34.566383696567  1.000000000000  1.000000000000
1 20.288681789879  7.102111463797  1.000000000000  1.000000000000
1 21.266747558743  21.451919361918  1.000000000000  1.000000000000
1 17.570718262215  4.012167271850  1.000000000000  1.000000000000
1 22.770731590982  4.213123970046  1.000000000000  1.000000000000
1 30.139907691381  12.951196630849  1.000000000000  1.000000000000
1 21.848359151134  35.877323321750  1.000000000000  1.000000000000
1 14.378492459997  14.930843440372  1.000000000000  1.000000000000
1 35.129891186295  19.363148098254  1.000000000000  1.000000000000
1 16.022930655260  25.771861025505  1.000000000000  1.000000000000
1 35.171403035975  21.965277944875  1.000000000000  1.000000000000
1 34.788184969919  9.995094889624  1.000000000000  1.000000000000
1 18.196732518811  10.223202877540  1.000000000000  1.000000000000
1 11.901962956633  5.214948007733  1.000000000000  1.000000000000
1 32.465759420741  14.222996116680  1.000000000000  1.000000000000
1 26.414444375251  8.937664172673  1.000000000000  1.000000000000
1 30.361450710306  32.657704395128  1.000000000000  1.000000000000
1 8.551962853589  26.146460737492  1.000000000000  1.000000000000
1 5.039532361096  30.677464489406  1.000000000000  1.000000000000
1 2.356310172712  15.638408386340  1.000000000000  1.000000000000
1 11.572492381159  34.431414418820  1.000000000000  1.000000000000
1 19.331329196103  11.871774147954  1.000000000000  1.000000000000
1 31.777487022455  9.679793490890  1.000000000000  1.000000000000
1 11.082470285649  36.372473793099  1.000000000000  1.000000000000
1 23.368251250153  37.191813186468  1.000000000000  1.000000000000
1 5.225846809673  17.983957687726  1.000000000000  1.000000000000
1 16.219408776001  31.991001478193  1.000000000000  1.000000000000
1 19.855705256937  25.766710019079  1.000000000000  1.000000000000
1 25.203109305238  14.972431509750  1.000000000000  1.000000000000
1 19.467773029376  15.050678474935  1.000000000000  1.000000000000
1 31.261190004826  34.447839633431  1.000000000000  1.000000000000
1 15.775412801671  16.378137414174  1.000000000000  1.000000000000
1 6.492003422748  21.651661627579  1.000000000000  1.000000000000
1 37.788486480590  13.018088796654  1.000000000000  1.000000000000
1 28.678655162915  33.860184484915  1.000000000000  1.000000000000
1 30.951916161364  15.530692519448  1.000000000000  1.000000000000
1 20.766155590428  19.501865931260  1.000000000000  1.000000000000
1 12.613387916488  32.695313396994  1.000000000000  1.000000000000
1 22.780107002721  6.230764643315  1.000000000000  1.000000000000
1 30.994843901938  5.495981476338  1.000000000000  1.000000000000
1 4.676231355629  25.679517738796  1.000000000000  1.000000000000
1 11.211934263170  27.282031937181  1.000000000000  1.000000000000
1 14.795065896514  12.971768645729  1.000000000000  1.000000000000
1 28.327669714383  8.277902778759  1.000000000000  1.000000000000
1 28.134445456770  25.489026515317  1.000000000000  1.000000000000
1 17.360870515476  21.335680937816  1.000000000000  1.000000000000
1 19.027187683659  2.633655029880  1.000000000000  1.000000000000
1 33.918559819845  27.326086972036  1.000000000000  1.000000000000
1 37.047413891918  21.242969261576  1.000000000000  1.000000000000
1 22.295859597496  15.092250592617  1.000000000000  1.000000000000
1 12.796859739949  23.584145862383  1.000000000000  1.000000000000
1 10.015356054239  17.352462350094  1.000000000000  1.000000000000
1 34.363107528653  14.877348492835  1.000000000000  1.000000000000
1 10.812118920270  12.326342963445  1.000000000000  1.000000000000
1 36.232631821538  16.748452060678  1.000000000000  1.000000000000
1 14.001520325438  26.168687961920  1.000000000000  1.000000000000
1 7.469693273197  9.623653287403  1.000000000000  1.000000000000
1 26.219740479566  36.400326315689  1.000000000000  1.000000000000
1 10.918352737804  22.892895145365  1.000000000000  1.000000000000
1 17.449602379376  38.635800522691  1.000000000000  1.000000000000
1 34.444882762620  23.840644434776  1.000000000000  1.000000000000
1 28.652057258572  20.007232364868  1.000000000000  1.000000000000
1 29.151831501583  31.057792780270  1.000000000000  1.000000000000
1 12.454807451863  21.606719901229  1.000000000000  1.000000000000
1 24.744299985461  6.620393708261  1.000000000000  1.000000000000
1 36.960033449221  14.854494885615  1.000000000000  1.000000000000
1 32.505994990708  22.063877976114  1.000000000000  1.000000000000
1 35.965314885497  27.292597561056  1.000000000000  1.000000000000
1 5.824671454891  14.102353224020  1.000000000000  1.000000000000
1 15.520339554353  19.169698622287  1.000000000000  1.000000000000
1 7.789337951039  13.601891940576  1.000000000000  1.000000000000
1 17.266816787050  12.002221074456  1.000000000000  1.000000000000
1 27.131344014725  15.593446480665  1.000000000000  1.000000000000
1 38.963832283946  22.116301532203  1.000000000000  1.000000000000
1 33.264306929856  20.114886568399  1.000000000000  1.000000000000
1 15.292393308671  34.127834486961  1.000000000000  1.000000000000
1 16.324146140509  14.438707274518  1.000000000000  1.000000000000
1 4.872794177066  22.846252434781  1.000000000000  1.000000000000
1 21.416932666163  27.913759613292  1.000000000000  1.000000000000
1 28.618161698646  14.249211333114  1.000000000000  1.000000000000
1 13.697439586466  37.635588573340  1.000000000000  1.000000000000
1 12.802274320590  12.534981436238  1.000000000000  1.000000000000
1 13.546063436298  6.359524912131  1.000000000000  1.000000000000
1 14.637452157222  8.049050141129  1.000000000000  1.000000000000
1 26.704326489535  13.639068680074  1.000000000000  1.000000000000
1 29.109037707894  35.899179584132  1.000000000000  1.000000000000
1 25.165787928242  4.659428585951  1.000000000000  1.000000000000
1 8.215393190713  22.685905271267  1.000000000000  1.000000000000
1 19.601472158984  33.158926441269  1.000000000000  1.000000000000
1 27.372977828244  32.066150371869  1.000000000000  1.000000000000
1 26.260174298924  2.963863817647  1.000000000000  1.000000000000
1 24.367715172714  8.608510755942  1.000000000000  1.000000000000
1 30.622230283146  20.369471220841  1.000000000000  1.000000000000
1 11.309071971526  30.176262242018  1.000000000000  1.000000000000
1 5.800484821453  28.824819889627  1.000000000000  1.000000000000
1 22.479682239579  33.287659146497  1.000000000000  1.000000000000
1 19.072832501853  5.512069323019  1.000000000000  1.000000000000
1 20.998840286445  10.677566136481  1.000000000000  1.000000000000
1 19.272948955802  21.923159253963  1.000000000000  1.000000000000
1 7.031442409725  15.797979669019  1.000000000000  1.000000000000
1 6.182574060925  11.376041771291  1.000000000000  1.000000000000
1 9.546069687804  34.385020144873  1.000000000000  1.000000000000
1 33.981942175606  31.599741213082  1.000000000000  1.000000000000
1 37.237524742450  11.091107027887  1.000000000000  1.000000000000
1 10.376676895337  9.502723795037  1.000000000000  1.000000000000
1 21.629020877714  30.753257940781  1.000000000000  1.000000000000
1 18.612740511756  30.786359370493  1.000000000000  1.000000000000
1 19.784959766181  36.006912239996  1.000000000000  1.000000000000
1 9.920415116082  5.504083907127  1.000000000000  1.000000000000
1 20.106467815507  29.442595270693  1.000000000000  1.000000000000
1 25.618386490606  16.947984301709  1.000000000000  1.000000000000
1 16.107380242689  29.964287230059  1.000000000000  1.000000000000
1 25.056747879151  11.242298811382  1.000000000000  1.000000000000
1 19.821138076021  9.051501330518  1.000000000000  1.000000000000
1 30.830383756513  26.429252928314  1.000000000000  1.000000000000
1 16.210830097824  22.988889093791  1.000000000000  1.000000000000
1 12.981875804467  3.530755997876  1.000000000000  1.000000000000
1 25.067094023494  32.481373175854  1.000000000000  1.000000000000
1 28.248412980192  3.242857447570  1.000000000000  1.000000000000
1 17.406477021349  18.495820820102  1.000000000000  1.000000000000
1 15.932892879157  36.023533571365  1.000000000000  1.000000000000
1 33.397183116298  8.488740505891  1.000000000000  1.000000000000
1 29.925140224622  24.583540632398  1.000000000000  1.000000000000
1 6.950167490219  31.331608007166  1.000000000000  1.000000000000
1 5.982749972538  8.275895589320  1.000000000000  1.000000000000
1 8.234694710081  32.869974426387  1.000000000000  1.000000000000
1 22.850760743487  23.585448474985  1.000000000000  1.000000000000
1 3.386541416032  20.422853445178  1.000000000000  1.000000000000
1 9.342985544086  20.957805845348  1.000000000000  1.000000000000
1 27.771629559034  22.668184953661  1.000000000000  1.000000000000
1 26.042615546309  18.903449055410  1.000000000000  1.000000000000
1 25.137504861793  22.121957615218  1.000000000000  1.000000000000
1 34.613293436504  12.052349028176  1.000000000000  1.000000000000
1 27.041639391258  27.177619623715  1.000000000000  1.000000000000
1 34.366868807264  17.502181439571  1.000000000000  1.000000000000
1 22.058733303374  8.098071659353  1.000000000000  1.000000000000
1 22.448202018954  26.183966743305  1.000000000000  1.000000000000
1 18.812208998075  19.959376474628  1.000000000000  1.000000000000
0 10.312350058324  32.136230203786  0.500000000000  0.125000000000
0 6.138568903497  16.896857467918  0.500000000000  0.125000000000
0 3.435395750678  12.431155811075  0.500000000000  0.125000000000
0 1.980453401533  20.074107783898  0.500000000000  0.125000000000
0 4.161248879149  19.218953601843  0.500000000000  0.125000000000
0 28.836572950830  23.612576373500  0.500000000000  0.125000000000
0 37.547704091038  16.188277288944  0.500000000000  0.125000000000
0 29.292089321702  37.347301779777  0.500000000000  0.125000000000
0 4.765757301229  11.308616829532  0.500000000000  0.125000000000
0 33.706076063411  18.754888160917  0.500000000000  0.125000000000
0 13.889035433747  34.494873009331  0.500000000000  0.125000000000
0 8.333344374261  16.816177188062  0.500000000000  0.125000000000
0 16.432335829012  3.131878748121  0.500000000000  0.125000000000
0 24.622266770098  20.791302273336  0.500000000000  0.125000000000
0 31.530168070980  35.838825663428  0.500000000000  0.125000000000
0 28.902286114181  32.454466786675  0.500000000000  0.125000000000
0 33.072801052299  15.509886026544  0.500000000000  0.125000000000
0 15.037014968245  29.039751410537  0.500000000000  0.125000000000
0 30.689457399372  29.252891141604  0.500000000000  0.125000000000
0 25.973820543837  5.851409956479  0.500000000000  0.125000000000
0 14.991676201458  32.724992051572  0.500000000000  0.125000000000
0 31.148464044565  3.977506267656  0.500000000000  0.125000000000
0 25.449196651127  20.193952971728  0.500000000000  0.125000000000
0 19.015454881406  4.096535884397  0.500000000000  0.125000000000
0 31.285671610641  22.810013788415  0.500000000000  0.125000000000
0 5.103002491671  21.368720499917  0.500000000000  0.125000000000
0 8.908382211466  8.560935511351  0.500000000000  0.125000000000
0 18.390706972074  36.376229565078  0.500000000000  0.125000000000
0 13.884119312589  21.492933492478  0.500000000000  0.125000000000
0 22.697247767832  21.246373579841  0.500000000000  0.125000000000
0 7.810168112109  24.936588879698  0.500000000000  0.125000000000
0 33.721559483511  10.940729420908  0.500000000000  0.125000000000
0 16.171776447348  37.447140054246  0.500000000000  0.125000000000
0 14.014142333891  32.485736061538  0.500000000000  0.125000000000
0 19.009532089125  37.199019042391  0.500000000000  0.125000000000
0 2.132708788794  21.090473238055  0.500000000000  0.125000000000
0 32.920306056412  29.479446006455  0.500000000000  0.125000000000
0 26.895346597874  35.142894032282  0.500000000000  0.125000000000
0 37.314983766803  26.808623627391  0.500000000000  0.125000000000
0 32.684996107830  34.204006874496  0.500000000000  0.125000000000
0 24.188410977932  36.036978498937  0.500000000000  0.125000000000
0 8.285546693933  18.747490000029  0.500000000000  0.125000000000
0 33.089369817387  23.397623215414  0.500000000000  0.125000000000
0 23.652996283674  22.364652548404  0.500000000000  0.125000000000
0 9.325273385674  31.856147254459  0.500000000000  0.125000000000
0 21.984421027794  20.231121738450  0.500000000000  0.125000000000
0 10.697960198482  13.746524881725  0.500000000000  0.125000000000
0 8.080240991300  30.458325089787  0.500000000000  0.125000000000
0 29.648013390338  3.452367298917  0.500000000000  0.125000000000
0 8.184589073540  14.960908962908  0.500000000000  0.125000000000
0 22.748509610632  29.879551575445  0.500000000000  0.125000000000
0 10.483336544174  3.407912125766  0.500000000000  0.125000000000
0 31.901643938363  8.256789783510  0.500000000000  0.125000000000
0 13.355335561344  27.444205087444  0.500000000000  0.125000000000
0 33.125021901305  30.469505279767  0.500000000000  0.125000000000
0 11.549773713142  16.636797732640  0.500000000000  0.125000000000
0 33.062836709554  16.908642693882  0.500000000000  0.125000000000
0 7.543742872538  23.940186884490  0.500000000000  0.125000000000
0 17.167542253092  30.908965241898  0.500000000000  0.125000000000
0 18.018567771777  22.599889946548  0.500000000000  0.125000000000
0 23.406690122939  15.971420453216  0.500000000000  0.125000000000
0 2.159457989334  18.915074379616  0.500000000000  0.125000000000
0 19.802451434776  34.559841480958  0.500000000000  0.125000000000
0 22.975933676064  18.603341596318  0.500000000000  0.125000000000
0 28.465775296832  9.830206862351  0.500000000000  0.125000000000
0 17.025661646813  36.922922562702  0.500000000000  0.125000000000
0 11.718086819338  37.662799244011  0.500000000000  0.125000000000
0 23.850176309927  5.255339803431  0.500000000000  0.125000000000
0 8.888189070621  29.842383928466  0.500000000000  0.125000000000
0 33.203457373594  11.801078453420  0.500000000000  0.125000000000
0 14.207136982147  17.349062650169  0.500000000000  0.125000000000
0 9.466045836358  23.369393673515  0.500000000000  0.125000000000
0 37.573326524213  19.904370002516  0.500000000000  0.125000000000
0 20.213507512718  27.141154172784  0.500000000000  0.125000000000
0 38.279732471470  17.985559140591  0.500000000000  0.125000000000
0 11.225990549789  28.712378341809  0.500000000000  0.125000000000
0 9.280681294619  18.588120403772  0.500000000000  0.125000000000
0 33.872777217501  22.536154373794  0.500000000000  0.125000000000
0 4.464937947093  12.294074030353  0.500000000000  0.125000000000
0 7.083998157371  33.759458232016  0.500000000000  0.125000000000
0 21.387936003352  13.057045141980  0.500000000000  0.125000000000
0 26.561573370549  34.164655883124  0.500000000000  0.125000000000
0 23.907713753631  12.162194418105  0.500000000000  0.125000000000
0 30.898801754732  16.961314558439  0.500000000000  0.125000000000
0 22.614212749291  31.839431352178  0.500000000000  0.125000000000
0 35.783838483165  11.229638354280  0.500000000000  0.125000000000
0 32.036265940582  17.302267693067  0.500000000000  0.125000000000
0 8.934354059630  9.571912177906  0.500000000000  0.125000000000
0 23.241305844153  35.563060961072  0.500000000000  0.125000000000
0 37.549930946652  17.264405338119  0.500000000000  0.125000000000
0 17.420739316487  36.001453646229  0.500000000000  0.125000000000
0 14.211575524567  18.394178153043  0.500000000000  0.125000000000
0 9.663870548794  32.949011684423  0.500000000000  0.125000000000
0 24.690129965638  27.110661435576  0.500000000000  0.125000000000
0 20.403670888131  12.875163229767  0.500000000000  0.125000000000
0 36.445081550138  13.533694312706  0.500000000000  0.125000000000
0 21.755744738021  5.204803656875  0.500000000000  0.125000000000
0 27.460036369681  9.891293252947  0.500000000000  0.125000000000
0 32.494018739820  27.057736321826  0.500000000000  0.125000000000
0 33.827134032895  16.193386853834  0.500000000000  0.125000000000
0 20.019411485832  20.719245589846  0.500000000000  0.125000000000
0 20.305363350573  13.870525106829  0.500000000000  0.125000000000
0 15.162769851713  31.030934121141  0.500000000000  0.125000000000
0 17.012152480121  7.203236992077  0.500000000000  0.125000000000
0 6.314295012371  18.894024094092  0.500000000000  0.125000000000
0 19.638686292918  17.498037166266  0.500000000000  0.125000000000
0 26.734013421871  20.285966011955  0.500000000000  0.125000000000
0 21.937465480154  37.315717259933  0.500000000000  0.125000000000
0 3.996507338824  17.232035926064  0.500000000000  0.125000000000
0 2.484837650148  23.717210266062  0.500000000000  0.125000000000
0 26.616516445074  21.836415228071  0.500000000000  0.125000000000
0 32.582293224012  31.369557394867  0.500000000000  0.125000000000
0 32.072441526031  23.439443461469  0.500000000000  0.125000000000
0 4.471189997300  29.377833239223  0.500000000000  0.125000000000
0 25.864873163838  30.320737924799  0.500000000000  0.125000000000
0 25.805915511748  12.526171217581  0.500000000000  0.125000000000
0 7.918593495473  21.227256268637  0.500000000000  0.125000000000
0 10.126900185577  31.144645768186  0.500000000000  0.125000000000
0 39.192384397604  14.803715487111  0.500000000000  0.125000000000
0 13.164711072520  18.715283915882  0.500000000000  0.125000000000
0 4.570138624582  8.453807363203  0.500000000000  0.125000000000
0 28.206124227649  27.980659669506  0.500000000000  0.125000000000
0 7.580568209496  11.040946631629  0.500000000000  0.125000000000
0 33.563176033258  33.540532612899  0.500000000000  0.125000000000
0 28.283489291247  29.825994991394  0.500000000000  0.125000000000
0 22.646185138797  34.707231853412  0.500000000000  0.125000000000
0 6.817278276346  32.789066744629  0.500000000000  0.125000000000
0 12.159811795941  6.678218973331  0.500000000000  0.125000000000
0 17.363072971652  32.828771281582  0.500000000000  0.125000000000
0 30.301168857977  30.198557153527  0.500000000000  0.125000000000
0 32.489289340076  35.206702368031  0.500000000000  0.125000000000
0 19.998551079068  37.409407114528  0.500000000000  0.125000000000
0 37.667214480332  24.216845316508  0.500000000000  0.125000000000
0 27.042129906625  7.587642308417  0.500000000000  0.125000000000
0 38.411282289606  20.810472282776  0.500000000000  0.125000000000
0 17.330300704435  13.415585923398  0.500000000000  0.125000000000
0 10.768159911144  4.368078245065  0.500000000000  0.125000000000
0 17.960845849225  37.294946751449  0.500000000000  0.125000000000
0 27.804485540419  6.923567197312  0.500000000000  0.125000000000
0 18.499124228432  35.361311993121  0.500000000000  0.125000000000
0 35.656827612823  15.451117604658  0.500000000000  0.125000000000
0 24.847450382600  18.147132327062  0.500000000000  0.125000000000
0 20.278865448329  1.954283603401  0.500000000000  0.125000000000
0 35.662438872628  25.896300258407  0.500000000000  0.125000000000
0 19.454085665757  13.321871184278  0.500000000000  0.125000000000
0 16.969992435017  6.188223488840  0.500000000000  0.125000000000
0 17.956075724314  27.017643506579  0.500000000000  0.125000000000
0 16.423542881547  20.270423333373  0.500000000000  0.125000000000
0 8.642225003539  15.852870869951  0.500000000000  0.125000000000
0 16.158210517695  28.544289308784  0.500000000000  0.125000000000
0 8.824423813913  4.591000508380  0.500000000000  0.125000000000
0 19.658624713327  31.739985039212  0.500000000000  0.125000000000
0 9.145757729885  30.830875169870  0.500000000000  0.125000000000
0 32.520988729995  18.906347439368  0.500000000000  0.125000000000
0 26.870775102771  5.316113684583  0.500000000000  0.125000000000
0 27.208958864993  29.738932524735  0.500000000000  0.125000000000
0 16.911568893494  26.897140665826  0.500000000000  0.125000000000
0 33.979469905773  25.201286470151  0.500000000000  0.125000000000
0 21.516776069391  29.333437704244  0.500000000000  0.125000000000
0 24.530379431713  38.070783292138  0.500000000000  0.125000000000
0 34.597037927521  33.544911640917  0.500000000000  0.125000000000
0 27.311110878264  33.494512302668  0.500000000000  0.125000000000
0 12.952128768169  14.905511533663  0.500000000000  0.125000000000
0 32.898375819769  17.970535448046  0.500000000000  0.125000000000
0 29.390424166757  9.359308043737  0.500000000000  0.125000000000
0 31.037518662228  14.089085012385  0.500000000000  0.125000000000
0 9.570787010733  10.679092162535  0.500000000000  0.125000000000
0 26.775537555311  30.757477244066  0.500000000000  0.125000000000
0 37.049312582051  23.411372482451  0.500000000000  0.125000000000
0 22.530903184174  16.490431035278  0.500000000000  0.125000000000
0 30.512186640994  35.649579094409  0.500000000000  0.125000000000
0 3.717467061925  15.235146947438  0.500000000000  0.125000000000
0 19.608318604403  18.688899506682  0.500000000000  0.125000000000
0 18.499169857615  26.169396823269  0.500000000000  0.125000000000
0 9.841651573608  19.479336163189  0.500000000000  0.125000000000
0 2.901547880183  16.954084062395  0.500000000000  0.125000000000
0 9.685047289324  15.976133088226  0.500000000000  0.125000000000
0 38.283347406212  19.191122170514  0.500000000000  0.125000000000
0 19.466318166240  24.307157110042  0.500000000000  0.125000000000
0 8.656055636189  17.778152928883  0.500000000000  0.125000000000
0 25.667759192927  27.514220659515  0.500000000000  0.125000000000
0 16.084120178386  9.976844755349  0.500000000000  0.125000000000
0 24.855778014177  28.101598107745  0.500000000000  0.125000000000
0 36.481665271247  19.925536584796  0.500000000000  0.125000000000
0 10.578999807332  33.391929051532  0.500000000000  0.125000000000
0 23.771152467351  21.359469129873  0.500000000000  0.125000000000
0 11.474627472298  24.199698672261  0.500000000000  0.125000000000
0 36.666351946885  26.015460012699  0.500000000000  0.125000000000
0 27.777668200559  30.707094952850  0.500000000000  0.125000000000
0 36.203566233772  10.087873420404  0.500000000000  0.125000000000
0 35.679089272915  14.232659932310  0.500000000000  0.125000000000
0 18.030180962917  7.519366532246  0.500000000000  0.125000000000
0 23.826877704920  26.558678210739  0.500000000000  0.125000000000
0 11.578564145719  3.752352977826  0.500000000000  0.125000000000
0 29.870516031306  19.168625132470  0.500000000000  0.125000000000
0 8.949839406255  6.570090240386  0.500000000000  0.125000000000
0 18.795026102234  38.185019408751  0.500000000000  0.125000000000
0 24.860282874079  30.057157261815  0.500000000000  0.125000000000
0 28.818789350457  12.406794118061  0.500000000000  0.125000000000
0 13.800500851718  22.518083671462  0.500000000000  0.125000000000
0 25.169184171975  31.044675785417  0.500000000000  0.125000000000
0 6.081170974689  25.841774316566  0.500000000000  0.125000000000
0 28.690281683258  28.863564157410  0.500000000000  0.125000000000
0 10.734457959762  21.446719945410  0.500000000000  0.125000000000
0 17.378294169980  19.918627719275  0.500000000000  0.125000000000
0 30.334062567437  9.745048283448  0.500000000000  0.125000000000
0 25.711854535344  26.474119904170  0.500000000000  0.125000000000
0 34.841951536975  8.579332259538  0.500000000000  0.125000000000
0 21.239583511341  25.413450818196  0.500000000000  0.125000000000
0 15.076831381412  37.301234265530  0.500000000000  0.125000000000
0 17.994751941494  39.958192366433  0.500000000000  0.125000000000
0 25.541896732428  7.810082398727  0.500000000000  0.125000000000
0 19.803213631416  28.055396691837  0.500000000000  0.125000000000
0 15.846862294854  10.994772624916  0.500000000000  0.125000000000
0 28.565674315293  15.745277305636  0.500000000000  0.125000000000
0 21.731787122419  3.231375092941  0.500000000000  0.125000000000
0 25.064382031760  35.521360599717  0.500000000000  0.125000000000
0 3.617788853948  30.517301805670  0.500000000000  0.125000000000
0 14.771882035303  22.761693237946  0.500000000000  0.125000000000
0 23.544830659865  32.337859493415  0.500000000000  0.125000000000
0 14.561076042153  36.430754930779  0.500000000000  0.125000000000
0 32.413971369540  5.528809792457  0.500000000000  0.125000000000
0 4.735117754389  24.263656025252  0.500000000000  0.125000000000
0 17.570996638370  29.825440055364  0.500000000000  0.125000000000
0 17.744530053792  14.369535413717  0.500000000000  0.125000000000
0 20.891008479874  15.272686467580  0.500000000000  0.125000000000
0 16.977942143560  17.131149977327  0.500000000000  0.125000000000
0 18.546977571228  32.215926010013  0.500000000000  0.125000000000
0 32.660885432127  12.806942932349  0.500000000000  0.125000000000
0 14.391306613319  27.532321922622  0.500000000000  0.125000000000
0 36.902648266071  28.759245821357  0.500000000000  0.125000000000
0 18.860513267678  6.911526612117  0.500000000000  0.125000000000
0 20.199272454333  30.888123667801  0.500000000000  0.125000000000
0 13.302502662861  4.965884916341  0.500000000000  0.125000000000
0 36.221315448266  12.232907173356  0.500000000000  0.125000000000
0 17.097487480708  28.941502738011  0.500000000000  0.125000000000
0 16.829851947841  10.644039548425  0.500000000000  0.125000000000
0 29.503837900275  26.946966846866  0.500000000000  0.125000000000
0 21.642505643923  22.815757471984  0.500000000000  0.125000000000
0 14.957382297954  11.525034638104  0.500000000000  0.125000000000
0 34.564550423619  20.671148654636  0.500000000000  0.125000000000
0 27.129833098096  38.720804190766  0.500000000000  0.125000000000
0 2.672527360420  24.700402739308  0.500000000000  0.125000000000
0 14.134325277601  4.363791816129  0.500000000000  0.125000000000
0 4.880876983277  32.111973672969  0.500000000000  0.125000000000
0 15.992504181444  7.609166840431  0.500000000000  0.125000000000
0 28.065021271015  16.663432570426  0.500000000000  0.125000000000
0 23.172101939310  24.967316355455  0.500000000000  0.125000000000
0 31.131596664748  23.801522963797  0.500000000000  0.125000000000
0 24.212245474603  34.996135880734  0.500000000000  0.125000000000
0 29.342564463717  7.267723853932  0.500000000000  0.125000000000
0 34.970768543883  28.315158038274  0.500000000000  0.125000000000
0 15.126050296805  17.747712868174  0.500000000000  0.125000000000
0 31.256277269515  25.068697702476  0.500000000000  0.125000000000
0 35.888872500288  28.712839613889  0.500000000000  0.125000000000
0 19.531496550602  1.282835821860  0.500000000000  0.125000000000
0 7.137631968365  25.681872173169  0.500000000000  0.125000000000
0 25.314984912705  9.839787654836  0.500000000000  0.125000000000
0 20.498778833432  5.651075031903  0.500000000000  0.125000000000
0 3.738432880876  27.960555958823  0.500000000000  0.125000000000
0 24.259565816032  23.242721569323  0.500000000000  0.125000000000
0 27.030206603270  10.917404081860  0.500000000000  0.125000000000
0 35.792192596862  23.268108573596  0.500000000000  0.125000000000
0 1.014158450524  16.103432315679  0.500000000000  0.125000000000
0 11.034907237654  6.375634204604  0.500000000000  0.125000000000
0 29.327677141349  18.306245315764  0.500000000000  0.125000000000
0 30.587853261061  31.174074710227  0.500000000000  0.125000000000
0 7.354214990804  12.252627790606  0.500000000000  0.125000000000
0 23.231185342682  1.876566525368  0.500000000000  0.125000000000
0 21.604496299687  32.176284325180  0.500000000000  0.125000000000
0 25.595863352899  33.835066375850  0.500000000000  0.125000000000
0 23.373193728425  7.567028931924  0.500000000000  0.125000000000
0 13.393561326603  24.872417063026  0.500000000000  0.125000000000
0 26.748768752976  25.784546359392  0.500000000000  0.125000000000
0 14.477282627878  3.306465610012  0.500000000000  0.125000000000
0 12.914428319204  2.105854580332  0.500000000000  0.125000000000
0 16.243593728331  12.984979240965  0.500000000000  0.125000000000
0 3.180826161018  19.018688574612  0.500000000000  0.125000000000
0 19.628751210431  23.302313636078  0.500000000000  0.125000000000
0 39.037907270783  19.941408002805  0.500000000000  0.125000000000
0 23.551453960435  34.245168767243  0.500000000000  0.125000000000
0 23.412346593852  39.639566978239  0.500000000000  0.125000000000
0 38.258754944228  23.402723773392  0.500000000000  0.125000000000
0 34.715204645061  30.363475782988  0.500000000000  0.125000000000
0 3.641870425945  16.280513707399  0.500000000000  0.125000000000
0 35.422100992359  7.535799027594  0.500000000000  0.125000000000
0 31.886493819173  19.684578088123  0.500000000000  0.125000000000
0 16.528897051502  33.388117871799  0.500000000000  0.125000000000
0 18.335226439139  12.950546808954  0.500000000000  0.125000000000
0 27.036836692925  17.015428591357  0.500000000000  0.125000000000
0 33.807483970785  21.473223259997  0.500000000000  0.125000000000
0 20.743362135591  34.966623629951  0.500000000000  0.125000000000
0 1.664542700430  23.084285122739  0.500000000000  0.125000000000
0 8.424826936757  35.247330826008  0.500000000000  0.125000000000
0 26.347053868620  33.153714846057  0.500000000000  0.125000000000
0 34.984233145341  25.154554462213  0.500000000000  0.125000000000
0 11.397435169805  7.349866914518  0.500000000000  0.125000000000
0 6.551486674576  12.887074006390  0.500000000000  0.125000000000
0 12.951414051750  34.103203592445  0.500000000000  0.125000000000
0 13.271024320029  17.715944626271  0.500000000000  0.125000000000
0 20.671343854755  38.917929874062  0.500000000000  0.125000000000
0 19.601419909940  10.452470174137  0.500000000000  0.125000000000
0 17.981026440898  15.341941328451  0.500000000000  0.125000000000
0 30.196521076983  4.326301290616  0.500000000000  0.125000000000
0 11.777301666575  9.300890831456  0.500000000000  0.125000000000
0 33.320725371124  26.021097188560  0.500000000000  0.125000000000
0 3.508526838773  23.632824223432  0.500000000000  0.125000000000
0 35.333021123750  31.162797458797  0.500000000000  0.125000000000
0 4.504767890573  14.611080057383  0.500000000000  0.125000000000
0 17.470183938655  26.062434229086  0.500000000000  0.125000000000
0 15.266439342213  28.065817173307  0.500000000000  0.125000000000
0 5.888162573131  32.283997635959  0.500000000000  0.125000000000
0 22.456501304426  22.219725145609  0.500000000000  0.125000000000
0 17.961198467524  6.417911673404  0.500000000000  0.125000000000
0 9.873389484983  37.121359385735  0.500000000000  0.125000000000
0 27.610588821552  4.543485494514  0.500000000000  0.125000000000
0 29.839843505550  34.675310853606  0.500000000000  0.125000000000
0 24.038405463610  18.736512786953  0.500000000000  0.125000000000
0 26.078902967528  31.480018251267  0.500000000000  0.125000000000
0 22.434231236549  28.928646973391  0.500000000000  0.125000000000
0 22.260010355367  17.679937365535  0.500000000000  0.125000000000
0 37.577829472629  22.559343354114  0.500000000000  0.125000000000
0 24.599321601010  34.061889834419  0.500000000000  0.125000000000
0 3.233333151153  25.585467451627  0.500000000000  0.125000000000
0 5.183139415416  10.370797935879  0.500000000000  0.125000000000
0 20.899258454052  37.942645679867  0.500000000000  0.125000000000
0 22.919310591116  0.906648487699  0.500000000000  0.125000000000
0 8.552482543622  24.167294722879  0.500000000000  0.125000000000
0 18.986044136598  7.904671047249  0.500000000000  0.125000000000
0 32.485484263752  7.381934400929  0.500000000000  0.125000000000
0 10.682462093319  16.063536414600  0.500000000000  0.125000000000
0 29.467822555184  21.190438682240  0.500000000000  0.125000000000
0 30.064084030821  14.372040088184  0.500000000000  0.125000000000
0 13.925290835557  33.490340552315  0.500000000000  0.125000000000
0 37.277426596832  27.820282921910  0.500000000000  0.125000000000
0 17.634016909571  5.437238356345  0.500000000000  0.125000000000
0 40.072311992722  19.974152716481  0.500000000000  0.125000000000
0 30.554784900010  6.874318601521  0.500000000000  0.125000000000
0 31.476336250483  7.298221616173  0.500000000000  0.125000000000
0 16.072270405531  27.444086137922  0.500000000000  0.125000000000
0 21.227398568448  9.243135981468  0.500000000000  0.125000000000
0 39.534162192168  20.817948159528  0.500000000000  0.125000000000
0 12.718612656872  30.475239066058  0.500000000000  0.125000000000
0 20.782091826913  33.965462783875  0.500000000000  0.125000000000
0 24.703419979657  19.487282273278  0.500000000000  0.125000000000
0 10.703735512950  25.947287194908  0.500000000000  0.125000000000
0 14.510084395595  5.295942913528  0.500000000000  0.125000000000
0 33.875703288604  29.803062351743  0.500000000000  0.125000000000
0 34.651725714724  26.101616918767  0.500000000000  0.125000000000
0 23.630912954566  11.179291677203  0.500000000000  0.125000000000
0 23.602172028583  29.350821736745  0.500000000000  0.125000000000
0 15.429091086965  2.728513097853  0.500000000000  0.125000000000
0 25.730844285502  25.457575169420  0.500000000000  0.125000000000
0 23.494118672768  38.604757408440  0.500000000000  0.125000000000
0 33.549961943279  13.304435302304  0.500000000000  0.125000000000
0 20.434246027029  18.105776017298  0.500000000000  0.125000000000
0 39.342339785441  26.184561342408  0.500000000000  0.125000000000
0 12.782392179725  9.533455556101  0.500000000000  0.125000000000
0 13.424160427412  10.864272053695  0.500000000000  0.125000000000
0 21.018435585045  32.988095155228  0.500000000000  0.125000000000
0 9.734453253207  4.101580201721  0.500000000000  0.125000000000
0 17.068205700209  27.899859534069  0.500000000000  0.125000000000
0 17.580818825414  2.480352513249  0.500000000000  0.125000000000
0 20.760681279930  2.831736483144  0.500000000000  0.125000000000
0 20.485219926524  22.656950520868  0.500000000000  0.125000000000
0 27.749534804119  5.808872909524  0.500000000000  0.125000000000
0 12.418412524554  19.419272324065  0.500000000000  0.125000000000
0 23.896790561482  33.285262586868  0.500000000000  0.125000000000
0 38.298190401221  14.350008564774  0.500000000000  0.125000000000
0 21.038435013365  12.093430898691  0.500000000000  0.125000000000
0 38.325249196054  15.353958581618  0.500000000000  0.125000000000
0 8.575091802047  10.509735386505  0.500000000000  0.125000000000
0 8.451018814847  5.685444283251  0.500000000000  0.125000000000
0 29.497018232968  25.931494627038  0.500000000000  0.125000000000
0 13.184231935944  31.373424814843  0.500000000000  0.125000000000
0 35.729457672248  20.661116477205  0.500000000000  0.125000000000
0 19.782412940330  38.391915884753  0.500000000000  0.125000000000
0 18.778699376713  18.128539138477  0.500000000000  0.125000000000
0 8.160716945394  27.521753806170  0.500000000000  0.125000000000
0 13.963236670356  11.709574704510  0.500000000000  0.125000000000
0 36.487407802435  22.546369064017  0.500000000000  0.125000000000
0 27.209303094539  12.315899818816  0.500000000000  0.125000000000
0 19.741299444159  16.476284206451  0.500000000000  0.125000000000
0 24.392696160570  16.147699490411  0.500000000000  0.125000000000
0 4.612849876338  13.324104473962  0.500000000000  0.125000000000
0 26.398854831036  11.716026487018  0.500000000000  0.125000000000
0 17.624085924806  31.817396876790  0.500000000000  0.125000000000
0 29.726270642757  6.309939079808  0.500000000000  0.125000000000
0 39.354424025265  23.499006857708  0.500000000000  0.125000000000
0 4.124825490007  21.643312963609  0.500000000000  0.125000000000
0 21.301785507470  14.062079994538  0.500000000000  0.125000000000
0 27.650234574807  36.045190649444  0.500000000000  0.125000000000
0 25.903839714203  34.946108509006  0.500000000000  0.125000000000
0 24.795730650281  12.637772147847  0.500000000000  0.125000000000
0 9.742991206298  35.911928285510  0.500000000000  0.125000000000
0 19.079702181991  26.995433620883  0.500000000000  0.125000000000
0 9.585245984954  13.147947149953  0.500000000000  0.125000000000
0 18.633902704857  13.906230189070  0.500000000000  0.125000000000
0 26.365339546910  22.866050293389  0.500000000000  0.125000000000
0 4.738451566880  27.862899389540  0.500000000000  0.125000000000
0 25.499568727024  37.618415030112  0.500000000000  0.125000000000
0 14.352003998334  16.353820300761  0.500000000000  0.125000000000
0 2.808613479529  18.087411554513  0.500000000000  0.125000000000
0 38.760989532371  24.327257229391  0.500000000000  0.125000000000
0 28.710902005854  6.489589513848  0.500000000000  0.125000000000
0 21.366238376145  6.166228404279  0.500000000000  0.125000000000
0 25.303357593511  1.915500712991  0.500000000000  0.125000000000
0 34.926015887263  16.181855304825  0.500000000000  0.125000000000
0 5.346411980507  27.000228062887  0.500000000000  0.125000000000
0 18.214568854278  33.459405331997  0.500000000000  0.125000000000
0 15.199051982878  26.938133872944  0.500000000000  0.125000000000
0 30.238602796288  27.728817034454  0.500000000000  0.125000000000
0 14.148127021082  28.554720418599  0.500000000000  0.125000000000
0 3.723780105285  11.473441861071  0.500000000000  0.125000000000
0 30.767648184479  10.686515958422  0.500000000000  0.125000000000
0 3.727093006237  24.627484494629  0.500000000000  0.125000000000
0 12.156519684206  31.340121587635  0.500000000000  0.125000000000
0 26.577508696557  4.356023583123  0.500000000000  0.125000000000
0 18.638259613870  23.481906008731  0.500000000000  0.125000000000
0 27.599811281950  28.790965517438  0.500000000000  0.125000000000
0 11.188050088011  8.338610946779  0.500000000000  0.125000000000
0 28.014639099743  10.726107173588  0.500000000000  0.125000000000
0 26.125690636509  6.996624507700  0.500000000000  0.125000000000
0 8.784174830262  19.617490007369  0.500000000000  0.125000000000
0 10.542983129006  10.928302837176  0.500000000000  0.125000000000
0 16.118999144020  17.879888684569  0.500000000000  0.125000000000
0 27.975366592281  12.981315485956  0.500000000000  0.125000000000
0 20.893066787242  36.925936225816  0.500000000000  0.125000000000
0 26.179283819264  10.363753547231  0.500000000000  0.125000000000
0 20.543372336363  0.984226945533  0.500000000000  0.125000000000
0 18.392271321542  8.784502952914  0.500000000000  0.125000000000
0 29.546019457501  15.326635509726  0.500000000000  0.125000000000
0 22.174768503005  19.247417032951  0.500000000000  0.125000000000
0 32.215332707459  26.089872727227  0.500000000000  0.125000000000
0 22.313553138861  13.495722514356  0.500000000000  0.125000000000
0 9.893561672997  26.617978393763  0.500000000000  0.125000000000
0 7.542536434913  6.149339100855  0.500000000000  0.125000000000
0 24.313022375587  39.182973500662  0.500000000000  0.125000000000
0 27.371869148306  1.952160095900  0.500000000000  0.125000000000
0 32.351241487095  16.202535702443  0.500000000000  0.125000000000
0 27.444532268679  21.216609354649  0.500000000000  0.125000000000
0 12.556328849690  26.825929111230  0.500000000000  0.125000000000
0 2.159365469276  25.602322152471  0.500000000000  0.125000000000
0 12.584209544795  13.961099094783  0.500000000000  0.125000000000
0 27.903519604678  35.059227353951  0.500000000000  0.125000000000
0 34.068610551555  28.795601194033  0.500000000000  0.125000000000
0 11.186949623116  31.588777047400  0.500000000000  0.125000000000
0 34.416885286074  7.508601380092  0.500000000000  0.125000000000
0 23.755331838618  15.027506686861  0.500000000000  0.125000000000
0 15.836101852505  12.009982196121  0.500000000000  0.125000000000
0 16.734823750093  24.331008051015  0.500000000000  0.125000000000
0 28.081724054040  11.724521367268  0.500000000000  0.125000000000
0 29.204060368052  27.916041985623  0.500000000000  0.125000000000
0 20.652539825773  31.865140506633  0.500000000000  0.125000000000
0 35.686286345160  18.054894624102  0.500000000000  0.125000000000
0 16.612875422732  5.245412644073  0.500000000000  0.125000000000
0 31.129503712273  21.691281393546  0.500000000000  0.125000000000
0 28.484093102277  27.018616358780  0.500000000000  0.125000000000
0 24.300978301371  10.024183094257  0.500000000000  0.125000000000
0 9.876253445957  30.145319390841  0.500000000000  0.125000000000
0 29.413801720950  29.595089522494  0.500000000000  0.125000000000
0 34.548285681402  13.474818206666  0.500000000000  0.125000000000
0 21.426882984080  18.239208597771  0.500000000000  0.125000000000
0 18.748778256294  39.209141356458  0.500000000000  0.125000000000
0 19.721415486577  39.444228987831  0.500000000000  0.125000000000
0 13.689348051323  9.100629461770  0.500000000000  0.125000000000
0 24.734277445896  26.067430452675  0.500000000000  0.125000000000
0 17.549123118136  23.482950698342  0.500000000000  0.125000000000
0 32.065250253999  6.470959046270  0.500000000000  0.125000000000
0 22.774862220420  2.789587881306  0.500000000000  0.125000000000
0 2.439776905819  12.722335424073  0.500000000000  0.125000000000
0 34.910461527397  29.358829500273  0.500000000000  0.125000000000
0 22.085292907724  24.801790097579  0.500000000000  0.125000000000
0 25.246852207068  13.535872312173  0.500000000000  0.125000000000
0 24.614271469249  29.075819553621  0.500000000000  0.125000000000
0 24.767961970968  36.866973815008  0.500000000000  0.125000000000
0 9.213618641987  27.403751814306  0.500000000000  0.125000000000
0 18.755883932972  34.300250798352  0.500000000000  0.125000000000
0 21.655427256788  34.456138288942  0.500000000000  0.125000000000
0 27.952617514758  24.082097156659  0.500000000000  0.125000000000
0 10.546597833435  18.672781855663  0.500000000000  0.125000000000
0 31.547039813663  13.142423817502  0.500000000000  0.125000000000
0 9.597292157968  22.356174819887  0.500000000000  0.125000000000
0 33.366599098754  9.912183091595  0.500000000000  0.125000000000
0 35.504676696266  13.150686356538  0.500000000000  0.125000000000
0 28.448383877913  21.422986012176  0.500000000000  0.125000000000
0 14.285002314676  31.511523378484  0.500000000000  0.125000000000
0 17.137688936694  15.939735183142  0.500000000000  0.125000000000
0 11.199010994161  32.603374302440  0.500000000000  0.125000000000
0 35.065550632164  32.560632425292  0.500000000000  0.125000000000
0 14.622680179969  35.426196104373  0.500000000000  0.125000000000
0 6.030906293644  9.701670794379  0.500000000000  0.125000000000
0 5.500693740209  12.656203104649  0.500000000000  0.125000000000
0 26.940804302060  6.416938611199  0.500000000000  0.125000000000
0 8.118904913694  34.282173653311  0.500000000000  0.125000000000
0 8.368842968655  31.460593050102  0.500000000000  0.125000000000
0 6.740722961266  23.050036420924  0.500000000000  0.125000000000
0 33.109735179024  28.489470598747  0.500000000000  0.125000000000
0 26.488121788692  37.810516893750  0.500000000000  0.125000000000
0 13.584706522961  13.734332356825  0.500000000000  0.125000000000
0 26.041176947802  21.008458481801  0.500000000000  0.125000000000
0 5.063566613139  9.353441691349  0.500000000000  0.125000000000
0 3.830884112055  18.245141936938  0.500000000000  0.125000000000
0 27.347759340624  19.448153969602  0.500000000000  0.125000000000
0 12.457825017999  36.952442556939  0.500000000000  0.125000000000
0 4.159415456298  27.040263166140  0.500000000000  0.125000000000
0 31.476492315649  31.678281729247  0.500000000000  0.125000000000
0 32.745562339883  10.714967306488  0.500000000000  0.125000000000
0 6.701371455204  29.927861730235  0.500000000000  0.125000000000
0 21.045174833401  26.548929449417  0.500000000000  0.125000000000
0 29.860948531352  28.680917979786  0.500000000000  0.125000000000
0 11.665367453455  13.458441748066  0.500000000000  0.125000000000
0 1.825610847964  14.254670692707  0.500000000000  0.125000000000
0 31.991907511920  20.733474622495  0.500000000000  0.125000000000
0 15.630760210111  9.081092589080  0.500000000000  0.125000000000
